[[117.973595 124.867516]]

 [[185.8781   124.296486]]

 [[253.0649   124.01324 ]]

 [[319.23355  124.07215 ]]

 [[384.04037  123.88402 ]]

 [[447.14465  126.22551 ]]

 [[507.0667   127.040054]]

 [[118.99461  193.00531 ]]

 [[186.34795  192.03629 ]]

 [[252.99887  191.35318 ]]

 [[319.6055   190.98103 ]]

 [[385.0263   190.7492  ]]

 [[448.01904  190.74098 ]]

 [[508.74847  190.96115 ]]

 [[118.9397   260.36984 ]]

 [[187.36443  259.32187 ]]

 [[254.02287  258.60947 ]]

 [[320.1127   257.93707 ]]

 [[385.3833   256.75165 ]]

 [[448.69873  255.05884 ]]

 [[509.32544  254.40009 ]]

 [[119.86959  327.86975 ]]

 [[187.81293  326.01074 ]]

 [[254.5004   324.45117 ]]

 [[320.31403  322.4897  ]]

 [[385.72086  321.31152 ]]

 [[449.04916  319.3573  ]]

 [[509.9243   317.17923 ]]

 [[121.272934 394.89688 ]]

 [[189.16641  393.2476  ]]

 [[255.60548  390.8045  ]]

 [[320.6434   388.31717 ]]

 [[385.5      387.5     ]]

 [[448.7697   383.04248 ]]

 [[509.       382.5     ]]]