[array([[[118.0365  , 124.657715]],

       [[185.53584 , 124.36638 ]],

       [[252.7327  , 123.98227 ]],

       [[319.15036 , 124.03168 ]],

       [[384.27246 , 124.480545]],

       [[446.6902  , 125.70148 ]],

       [[507.17508 , 126.908066]],

       [[118.78219 , 192.75728 ]],

       [[186.31334 , 192.36363 ]],

       [[253.02621 , 191.41896 ]],

       [[319.52228 , 190.89337 ]],

       [[385.1611  , 190.55151 ]],

       [[447.96967 , 190.61311 ]],

       [[508.51553 , 190.70366 ]],

       [[119.19803 , 260.42862 ]],

       [[186.83539 , 259.33908 ]],

       [[253.54407 , 258.57114 ]],

       [[320.07346 , 257.6873  ]],

       [[385.51108 , 256.70358 ]],

       [[448.57596 , 255.53682 ]],

       [[509.48203 , 254.49573 ]],

       [[120.041565, 327.7285  ]],

       [[187.61247 , 326.44852 ]],

       [[254.5125  , 324.85553 ]],

       [[320.49316 , 323.6225  ]],

       [[385.5803  , 322.19305 ]],

       [[448.77948 , 320.18893 ]],

       [[509.6104  , 318.01175 ]],

       [[121.11845 , 395.23322 ]],

       [[188.81972 , 393.13513 ]],

       [[255.39067 , 390.96674 ]],

       [[320.96915 , 388.82483 ]],

       [[385.35916 , 386.78757 ]],

       [[448.39444 , 384.33115 ]],

       [[509.1638  , 381.4375  ]]], dtype=float32)]